{
    "basis_align": [
        [
            [
                4.930380657631324e-32,
                2.220446049250313e-16,
                1.0
            ],
            [
                2.220446049250313e-16,
                1.0,
                -2.220446049250313e-16
            ],
            [
                -1.0,
                2.220446049250313e-16,
                -0.0
            ]
        ],
        [
            [
                0.2079116851091385,
                1.758789402543976e-16,
                0.9781476259231567
            ],
            [
                1.758789402543976e-16,
                1.0,
                -2.1719240315646465e-16
            ],
            [
                -0.9781476259231567,
                2.1719240315646465e-16,
                0.2079116851091385
            ]
        ],
        [
            [
                0.4067366421222687,
                1.3173093453390321e-16,
                0.9135454297065735
            ],
            [
                1.3173093453390321e-16,
                1.0,
                -2.0284783402026407e-16
            ],
            [
                -0.9135454297065735,
                2.0284783402026407e-16,
                0.4067366421222687
            ]
        ],
        [
            [
                0.5877852439880371,
                9.153006264294447e-17,
                0.80901700258255
            ],
            [
                9.153006264294447e-17,
                1.0,
                -1.7963786071607536e-16
            ],
            [
                -0.80901700258255,
                1.7963786071607536e-16,
                0.5877852439880371
            ]
        ],
        [
            [
                0.7431448101997375,
                5.703330914214321e-17,
                0.6691306233406067
            ],
            [
                5.703330914214321e-17,
                1.0,
                -1.4857684490290495e-16
            ],
            [
                -0.6691306233406067,
                1.4857684490290495e-16,
                0.7431448101997375
            ]
        ],
        [
            [
                0.8660253882408142,
                2.974833973805286e-17,
                0.5
            ],
            [
                2.974833973805286e-17,
                1.0,
                -1.1102230246251565e-16
            ],
            [
                -0.5,
                1.1102230246251565e-16,
                0.8660253882408142
            ]
        ],
        [
            [
                0.9510565400123596,
                1.0867629582258461e-17,
                0.30901700258255005
            ],
            [
                1.0867629582258461e-17,
                1.0,
                -6.86155582535597e-17
            ],
            [
                -0.30901700258255005,
                6.86155582535597e-17,
                0.9510565400123596
            ]
        ],
        [
            [
                0.9945219159126282,
                1.2163789135290013e-18,
                0.10452846437692642
            ],
            [
                1.2163789135290013e-18,
                1.0,
                -2.3209981575994836e-17
            ],
            [
                -0.10452846437692642,
                2.3209981575994836e-17,
                0.9945219159126282
            ]
        ],
        [
            [
                0.9945219159126282,
                1.2163789135290013e-18,
                -0.10452846437692642
            ],
            [
                1.2163789135290013e-18,
                1.0,
                2.3209981575994836e-17
            ],
            [
                0.10452846437692642,
                -2.3209981575994836e-17,
                0.9945219159126282
            ]
        ],
        [
            [
                0.9510565400123596,
                1.0867629582258461e-17,
                -0.30901700258255005
            ],
            [
                1.0867629582258461e-17,
                1.0,
                6.86155582535597e-17
            ],
            [
                0.30901700258255005,
                -6.86155582535597e-17,
                0.9510565400123596
            ]
        ],
        [
            [
                0.8660253882408142,
                2.974833973805286e-17,
                -0.5
            ],
            [
                2.974833973805286e-17,
                1.0,
                1.1102230246251565e-16
            ],
            [
                0.5,
                -1.1102230246251565e-16,
                0.8660253882408142
            ]
        ],
        [
            [
                0.7431448101997375,
                5.703330914214321e-17,
                -0.6691306233406067
            ],
            [
                5.703330914214321e-17,
                1.0,
                1.4857684490290495e-16
            ],
            [
                0.6691306233406067,
                -1.4857684490290495e-16,
                0.7431448101997375
            ]
        ],
        [
            [
                0.5877852439880371,
                9.153006264294447e-17,
                -0.80901700258255
            ],
            [
                9.153006264294447e-17,
                1.0,
                1.7963786071607536e-16
            ],
            [
                0.80901700258255,
                -1.7963786071607536e-16,
                0.5877852439880371
            ]
        ],
        [
            [
                0.4067366421222687,
                1.3173093453390321e-16,
                -0.9135454297065735
            ],
            [
                1.3173093453390321e-16,
                1.0,
                2.0284783402026407e-16
            ],
            [
                0.9135454297065735,
                -2.0284783402026407e-16,
                0.4067366421222687
            ]
        ],
        [
            [
                0.2079116851091385,
                1.758789402543976e-16,
                -0.9781476259231567
            ],
            [
                1.758789402543976e-16,
                1.0,
                2.1719240315646465e-16
            ],
            [
                0.9781476259231567,
                -2.1719240315646465e-16,
                0.2079116851091385
            ]
        ],
        [
            [
                1.2246468525851679e-16,
                2.220446049250313e-16,
                -1.0
            ],
            [
                2.220446049250313e-16,
                1.0,
                2.220446049250313e-16
            ],
            [
                1.0,
                -2.220446049250313e-16,
                1.2246468525851679e-16
            ]
        ],
        [
            [
                -0.2079116851091385,
                2.6821028283055483e-16,
                -0.9781476259231567
            ],
            [
                2.6821028283055483e-16,
                1.0,
                2.1719241639135445e-16
            ],
            [
                0.9781476259231567,
                -2.1719241639135445e-16,
                -0.2079116851091385
            ]
        ],
        [
            [
                -0.4067366421222687,
                3.123582753161594e-16,
                -0.9135454297065735
            ],
            [
                3.123582753161594e-16,
                1.0,
                2.0284782078537427e-16
            ],
            [
                0.9135454297065735,
                -2.0284782078537427e-16,
                -0.4067366421222687
            ]
        ],
        [
            [
                -0.5877852439880371,
                3.5255914720711814e-16,
                -0.80901700258255
            ],
            [
                3.5255914720711814e-16,
                1.0,
                1.7963786071607536e-16
            ],
            [
                0.80901700258255,
                -1.7963786071607536e-16,
                -0.5877852439880371
            ]
        ],
        [
            [
                -0.7431448101997375,
                3.870558874730296e-16,
                -0.6691306233406067
            ],
            [
                3.870558874730296e-16,
                1.0,
                1.4857684490290495e-16
            ],
            [
                0.6691306233406067,
                -1.4857684490290495e-16,
                -0.7431448101997375
            ]
        ],
        [
            [
                -0.8660253882408142,
                4.1434088334689955e-16,
                -0.5
            ],
            [
                4.1434088334689955e-16,
                1.0,
                1.1102230246251565e-16
            ],
            [
                0.5,
                -1.1102230246251565e-16,
                -0.8660253882408142
            ]
        ],
        [
            [
                -0.9510565400123596,
                4.3322159184833273e-16,
                -0.30901700258255005
            ],
            [
                4.3322159184833273e-16,
                1.0,
                6.86155582535597e-17
            ],
            [
                0.30901700258255005,
                -6.86155582535597e-17,
                -0.9510565400123596
            ]
        ],
        [
            [
                -0.9945219159126282,
                4.4287284406802584e-16,
                -0.10452846437692642
            ],
            [
                4.4287284406802584e-16,
                1.0,
                2.3209981575994836e-17
            ],
            [
                0.10452846437692642,
                -2.3209981575994836e-17,
                -0.9945219159126282
            ]
        ],
        [
            [
                -0.9945219159126282,
                4.4287284406802584e-16,
                0.10452846437692642
            ],
            [
                4.4287284406802584e-16,
                1.0,
                -2.3209981575994836e-17
            ],
            [
                -0.10452846437692642,
                2.3209981575994836e-17,
                -0.9945219159126282
            ]
        ],
        [
            [
                -0.9510565400123596,
                4.3322159184833273e-16,
                0.30901700258255005
            ],
            [
                4.3322159184833273e-16,
                1.0,
                -6.86155582535597e-17
            ],
            [
                -0.30901700258255005,
                6.86155582535597e-17,
                -0.9510565400123596
            ]
        ],
        [
            [
                -0.8660253882408142,
                4.1434088334689955e-16,
                0.5
            ],
            [
                4.1434088334689955e-16,
                1.0,
                -1.1102230246251565e-16
            ],
            [
                -0.5,
                1.1102230246251565e-16,
                -0.8660253882408142
            ]
        ],
        [
            [
                -0.7431448101997375,
                3.870558874730296e-16,
                0.6691306233406067
            ],
            [
                3.870558874730296e-16,
                1.0,
                -1.4857684490290495e-16
            ],
            [
                -0.6691306233406067,
                1.4857684490290495e-16,
                -0.7431448101997375
            ]
        ],
        [
            [
                -0.5877852439880371,
                3.5255914720711814e-16,
                0.80901700258255
            ],
            [
                3.5255914720711814e-16,
                1.0,
                -1.7963786071607536e-16
            ],
            [
                -0.80901700258255,
                1.7963786071607536e-16,
                -0.5877852439880371
            ]
        ],
        [
            [
                -0.4067366421222687,
                3.123582753161594e-16,
                0.9135454297065735
            ],
            [
                3.123582753161594e-16,
                1.0,
                -2.0284782078537427e-16
            ],
            [
                -0.9135454297065735,
                2.0284782078537427e-16,
                -0.4067366421222687
            ]
        ],
        [
            [
                -0.2079116851091385,
                2.6821028283055483e-16,
                0.9781476259231567
            ],
            [
                2.6821028283055483e-16,
                1.0,
                -2.1719241639135445e-16
            ],
            [
                -0.9781476259231567,
                2.1719241639135445e-16,
                -0.2079116851091385
            ]
        ]
    ],
    "c2ws": [
        [
            [
                4.930380657631324e-32,
                -2.220446049250313e-16,
                1.0,
                0.7821242213249207
            ],
            [
                -2.220446049250313e-16,
                1.0,
                2.220446049250313e-16,
                1.7366646372638975e-16
            ],
            [
                -1.0,
                -2.220446049250313e-16,
                0.0,
                0.0
            ],
            [
                0.0,
                0.0,
                0.0,
                1.0
            ]
        ],
        [
            [
                0.2079116702079773,
                -1.758789402543976e-16,
                0.978147566318512,
                0.7650328874588013
            ],
            [
                -1.758789402543976e-16,
                1.0,
                2.1719238992157485e-16,
                1.6987143848533527e-16
            ],
            [
                -0.978147566318512,
                -2.1719238992157485e-16,
                0.2079116702079773,
                0.16261275112628937
            ],
            [
                0.0,
                0.0,
                0.0,
                1.0
            ]
        ],
        [
            [
                0.40673667192459106,
                -1.317309212990134e-16,
                0.9135454893112183,
                0.7145060300827026
            ],
            [
                -1.317309212990134e-16,
                1.0,
                2.0284784725515387e-16,
                1.5865222240115604e-16
            ],
            [
                -0.9135454893112183,
                -2.0284784725515387e-16,
                0.40673667192459106,
                0.3181186020374298
            ],
            [
                0.0,
                0.0,
                0.0,
                1.0
            ]
        ],
        [
            [
                0.5877852439880371,
                -9.153006264294447e-17,
                0.80901700258255,
                0.6327517628669739
            ],
            [
                -9.153006264294447e-17,
                1.0,
                1.7963786071607536e-16,
                1.404991152014143e-16
            ],
            [
                -0.80901700258255,
                -1.7963786071607536e-16,
                0.5877852439880371,
                0.45972108840942383
            ],
            [
                0.0,
                0.0,
                0.0,
                1.0
            ]
        ],
        [
            [
                0.7431448101997375,
                -5.703330914214321e-17,
                0.6691306233406067,
                0.5233432650566101
            ],
            [
                -5.703330914214321e-17,
                1.0,
                1.4857684490290495e-16,
                1.1620554852967093e-16
            ],
            [
                -0.6691306233406067,
                -1.4857684490290495e-16,
                0.7431448101997375,
                0.5812315344810486
            ],
            [
                0.0,
                0.0,
                0.0,
                1.0
            ]
        ],
        [
            [
                0.8660253882408142,
                -2.974833312060796e-17,
                0.5,
                0.3910621106624603
            ],
            [
                -2.974833312060796e-17,
                1.0,
                1.1102230246251565e-16,
                8.683323186319488e-17
            ],
            [
                -0.5,
                -1.1102230246251565e-16,
                0.8660253882408142,
                0.6773394346237183
            ],
            [
                0.0,
                0.0,
                0.0,
                1.0
            ]
        ],
        [
            [
                0.9510564804077148,
                -1.086764198996765e-17,
                0.30901697278022766,
                0.24168966710567474
            ],
            [
                -1.086764198996765e-17,
                1.0,
                6.86155516361148e-17,
                5.3665886646941884e-17
            ],
            [
                -0.30901697278022766,
                -6.86155516361148e-17,
                0.9510564804077148,
                0.7438443303108215
            ],
            [
                0.0,
                0.0,
                0.0,
                1.0
            ]
        ],
        [
            [
                0.9945218563079834,
                -1.216388115913316e-18,
                0.10452845692634583,
                0.08175423741340637
            ],
            [
                -1.216388115913316e-18,
                1.0,
                2.320997992163361e-17,
                1.815308734740703e-17
            ],
            [
                -0.10452845692634583,
                -2.320997992163361e-17,
                0.9945218563079834,
                0.7778396606445312
            ],
            [
                0.0,
                0.0,
                0.0,
                1.0
            ]
        ],
        [
            [
                0.9945218563079834,
                -1.216388115913316e-18,
                -0.10452845692634583,
                -0.08175423741340637
            ],
            [
                -1.216388115913316e-18,
                1.0,
                -2.320997992163361e-17,
                -1.815308734740703e-17
            ],
            [
                0.10452845692634583,
                2.320997992163361e-17,
                0.9945218563079834,
                0.7778396606445312
            ],
            [
                0.0,
                0.0,
                0.0,
                1.0
            ]
        ],
        [
            [
                0.9510564804077148,
                -1.086764198996765e-17,
                -0.30901697278022766,
                -0.24168966710567474
            ],
            [
                -1.086764198996765e-17,
                1.0,
                -6.86155516361148e-17,
                -5.3665886646941884e-17
            ],
            [
                0.30901697278022766,
                6.86155516361148e-17,
                0.9510564804077148,
                0.7438443303108215
            ],
            [
                0.0,
                0.0,
                0.0,
                1.0
            ]
        ],
        [
            [
                0.8660253882408142,
                -2.974833312060796e-17,
                -0.5,
                -0.3910621106624603
            ],
            [
                -2.974833312060796e-17,
                1.0,
                -1.1102230246251565e-16,
                -8.683323186319488e-17
            ],
            [
                0.5,
                1.1102230246251565e-16,
                0.8660253882408142,
                0.6773394346237183
            ],
            [
                0.0,
                0.0,
                0.0,
                1.0
            ]
        ],
        [
            [
                0.7431448101997375,
                -5.703330914214321e-17,
                -0.6691306233406067,
                -0.5233432650566101
            ],
            [
                -5.703330914214321e-17,
                1.0,
                -1.4857684490290495e-16,
                -1.1620554852967093e-16
            ],
            [
                0.6691306233406067,
                1.4857684490290495e-16,
                0.7431448101997375,
                0.5812315344810486
            ],
            [
                0.0,
                0.0,
                0.0,
                1.0
            ]
        ],
        [
            [
                0.5877852439880371,
                -9.153006264294447e-17,
                -0.80901700258255,
                -0.6327517628669739
            ],
            [
                -9.153006264294447e-17,
                1.0,
                -1.7963786071607536e-16,
                -1.404991152014143e-16
            ],
            [
                0.80901700258255,
                1.7963786071607536e-16,
                0.5877852439880371,
                0.45972108840942383
            ],
            [
                0.0,
                0.0,
                0.0,
                1.0
            ]
        ],
        [
            [
                0.40673667192459106,
                -1.317309212990134e-16,
                -0.9135454893112183,
                -0.7145060300827026
            ],
            [
                -1.317309212990134e-16,
                1.0,
                -2.0284784725515387e-16,
                -1.5865222240115604e-16
            ],
            [
                0.9135454893112183,
                2.0284784725515387e-16,
                0.40673667192459106,
                0.3181186020374298
            ],
            [
                0.0,
                0.0,
                0.0,
                1.0
            ]
        ],
        [
            [
                0.2079116702079773,
                -1.758789402543976e-16,
                -0.978147566318512,
                -0.7650328874588013
            ],
            [
                -1.758789402543976e-16,
                1.0,
                -2.1719238992157485e-16,
                -1.6987143848533527e-16
            ],
            [
                0.978147566318512,
                2.1719238992157485e-16,
                0.2079116702079773,
                0.16261275112628937
            ],
            [
                0.0,
                0.0,
                0.0,
                1.0
            ]
        ],
        [
            [
                1.2246468525851679e-16,
                -2.220446049250313e-16,
                -1.0,
                -0.7821242213249207
            ],
            [
                -2.220446049250313e-16,
                1.0,
                -2.220446049250313e-16,
                -1.7366646372638975e-16
            ],
            [
                1.0,
                2.220446049250313e-16,
                1.2246468525851679e-16,
                9.578259817207959e-17
            ],
            [
                0.0,
                0.0,
                0.0,
                1.0
            ]
        ],
        [
            [
                -0.2079116702079773,
                -2.6821028283055483e-16,
                -0.978147566318512,
                -0.7650328874588013
            ],
            [
                -2.6821028283055483e-16,
                1.0,
                -2.1719240315646465e-16,
                -1.6987143848533527e-16
            ],
            [
                0.978147566318512,
                2.1719240315646465e-16,
                -0.2079116702079773,
                -0.16261275112628937
            ],
            [
                0.0,
                0.0,
                0.0,
                1.0
            ]
        ],
        [
            [
                -0.40673667192459106,
                -3.123582753161594e-16,
                -0.9135454893112183,
                -0.7145060300827026
            ],
            [
                -3.123582753161594e-16,
                1.0,
                -2.0284783402026407e-16,
                -1.5865220916626624e-16
            ],
            [
                0.9135454893112183,
                2.0284783402026407e-16,
                -0.40673667192459106,
                -0.3181186020374298
            ],
            [
                0.0,
                0.0,
                0.0,
                1.0
            ]
        ],
        [
            [
                -0.5877852439880371,
                -3.5255914720711814e-16,
                -0.80901700258255,
                -0.6327517628669739
            ],
            [
                -3.5255914720711814e-16,
                1.0,
                -1.7963786071607536e-16,
                -1.404991152014143e-16
            ],
            [
                0.80901700258255,
                1.7963786071607536e-16,
                -0.5877852439880371,
                -0.45972108840942383
            ],
            [
                0.0,
                0.0,
                0.0,
                1.0
            ]
        ],
        [
            [
                -0.7431448101997375,
                -3.870558874730296e-16,
                -0.6691306233406067,
                -0.5233432650566101
            ],
            [
                -3.870558874730296e-16,
                1.0,
                -1.4857683166801514e-16,
                -1.1620554852967093e-16
            ],
            [
                0.6691306233406067,
                1.4857683166801514e-16,
                -0.7431448101997375,
                -0.5812315344810486
            ],
            [
                0.0,
                0.0,
                0.0,
                1.0
            ]
        ],
        [
            [
                -0.8660253882408142,
                -4.1434088334689955e-16,
                -0.5,
                -0.3910621106624603
            ],
            [
                -4.1434088334689955e-16,
                1.0,
                -1.1102231569740545e-16,
                -8.683323848063978e-17
            ],
            [
                0.5,
                1.1102231569740545e-16,
                -0.8660253882408142,
                -0.6773394346237183
            ],
            [
                0.0,
                0.0,
                0.0,
                1.0
            ]
        ],
        [
            [
                -0.9510564804077148,
                -4.3322156537855313e-16,
                -0.30901697278022766,
                -0.24168966710567474
            ],
            [
                -4.3322156537855313e-16,
                1.0,
                -6.86155516361148e-17,
                -5.3665883338219433e-17
            ],
            [
                0.30901697278022766,
                6.86155516361148e-17,
                -0.9510564804077148,
                -0.7438443303108215
            ],
            [
                0.0,
                0.0,
                0.0,
                1.0
            ]
        ],
        [
            [
                -0.9945218563079834,
                -4.4287281759824624e-16,
                -0.10452845692634583,
                -0.08175423741340637
            ],
            [
                -4.4287281759824624e-16,
                1.0,
                -2.320997992163361e-17,
                -1.8153085693045806e-17
            ],
            [
                0.10452845692634583,
                2.320997992163361e-17,
                -0.9945218563079834,
                -0.7778396606445312
            ],
            [
                0.0,
                0.0,
                0.0,
                1.0
            ]
        ],
        [
            [
                -0.9945218563079834,
                -4.4287281759824624e-16,
                0.10452845692634583,
                0.08175423741340637
            ],
            [
                -4.4287281759824624e-16,
                1.0,
                2.320997992163361e-17,
                1.8153085693045806e-17
            ],
            [
                -0.10452845692634583,
                -2.320997992163361e-17,
                -0.9945218563079834,
                -0.7778396606445312
            ],
            [
                0.0,
                0.0,
                0.0,
                1.0
            ]
        ],
        [
            [
                -0.9510564804077148,
                -4.3322156537855313e-16,
                0.30901697278022766,
                0.24168966710567474
            ],
            [
                -4.3322156537855313e-16,
                1.0,
                6.86155516361148e-17,
                5.3665883338219433e-17
            ],
            [
                -0.30901697278022766,
                -6.86155516361148e-17,
                -0.9510564804077148,
                -0.7438443303108215
            ],
            [
                0.0,
                0.0,
                0.0,
                1.0
            ]
        ],
        [
            [
                -0.8660253882408142,
                -4.1434088334689955e-16,
                0.5,
                0.3910621106624603
            ],
            [
                -4.1434088334689955e-16,
                1.0,
                1.1102231569740545e-16,
                8.683323848063978e-17
            ],
            [
                -0.5,
                -1.1102231569740545e-16,
                -0.8660253882408142,
                -0.6773394346237183
            ],
            [
                0.0,
                0.0,
                0.0,
                1.0
            ]
        ],
        [
            [
                -0.7431448101997375,
                -3.870558874730296e-16,
                0.6691306233406067,
                0.5233432650566101
            ],
            [
                -3.870558874730296e-16,
                1.0,
                1.4857683166801514e-16,
                1.1620554852967093e-16
            ],
            [
                -0.6691306233406067,
                -1.4857683166801514e-16,
                -0.7431448101997375,
                -0.5812315344810486
            ],
            [
                0.0,
                0.0,
                0.0,
                1.0
            ]
        ],
        [
            [
                -0.5877852439880371,
                -3.5255914720711814e-16,
                0.80901700258255,
                0.6327517628669739
            ],
            [
                -3.5255914720711814e-16,
                1.0,
                1.7963786071607536e-16,
                1.404991152014143e-16
            ],
            [
                -0.80901700258255,
                -1.7963786071607536e-16,
                -0.5877852439880371,
                -0.45972108840942383
            ],
            [
                0.0,
                0.0,
                0.0,
                1.0
            ]
        ],
        [
            [
                -0.40673667192459106,
                -3.123582753161594e-16,
                0.9135454893112183,
                0.7145060300827026
            ],
            [
                -3.123582753161594e-16,
                1.0,
                2.0284783402026407e-16,
                1.5865220916626624e-16
            ],
            [
                -0.9135454893112183,
                -2.0284783402026407e-16,
                -0.40673667192459106,
                -0.3181186020374298
            ],
            [
                0.0,
                0.0,
                0.0,
                1.0
            ]
        ],
        [
            [
                -0.2079116702079773,
                -2.6821028283055483e-16,
                0.978147566318512,
                0.7650328874588013
            ],
            [
                -2.6821028283055483e-16,
                1.0,
                2.1719240315646465e-16,
                1.6987143848533527e-16
            ],
            [
                -0.978147566318512,
                -2.1719240315646465e-16,
                -0.2079116702079773,
                -0.16261275112628937
            ],
            [
                0.0,
                0.0,
                0.0,
                1.0
            ]
        ]
    ],
    "dataset_type": "tank",
    "delaunay": false,
    "far": [
        13.0,
        13.0,
        13.0,
        13.0,
        13.0,
        13.0,
        13.0,
        13.0,
        13.0,
        13.0,
        13.0,
        13.0,
        13.0,
        13.0,
        13.0,
        13.0,
        13.0,
        13.0,
        13.0,
        13.0,
        13.0,
        13.0,
        13.0,
        13.0,
        13.0,
        13.0,
        13.0,
        13.0,
        13.0,
        13.0
    ],
    "focal": 568.8888549804688,
    "height": 480.0,
    "near": [
        0.61,
        0.63,
        0.65,
        0.68,
        0.68,
        0.67,
        0.67,
        0.68,
        0.68,
        0.66,
        0.64,
        0.62,
        0.61,
        0.6,
        0.58,
        0.55,
        0.52,
        0.5,
        0.49,
        0.47,
        0.45,
        0.43,
        0.43,
        0.45,
        0.45,
        0.46,
        0.49,
        0.53,
        0.55,
        0.58
    ],
    "num_layers": [
        16,
        16,
        16,
        16,
        16,
        16,
        16,
        16,
        16,
        16,
        16,
        16,
        16,
        16,
        16,
        16,
        16,
        16,
        16,
        16,
        16,
        16,
        16,
        16,
        16,
        16,
        16,
        16,
        16,
        16
    ],
    "num_sublayers": [
        12,
        12,
        12,
        12,
        12,
        12,
        12,
        12,
        12,
        12,
        12,
        12,
        12,
        12,
        12,
        12,
        12,
        12,
        12,
        12,
        12,
        12,
        12,
        12,
        12,
        12,
        12,
        12,
        12,
        12
    ],
    "offset": [
        171.0,
        171.0,
        171.0,
        171.0,
        171.0,
        171.0,
        171.0,
        171.0,
        171.0,
        171.0,
        171.0,
        171.0,
        171.0,
        171.0,
        171.0,
        171.0,
        171.0,
        171.0,
        171.0,
        171.0,
        171.0,
        171.0,
        171.0,
        171.0,
        171.0,
        171.0,
        171.0,
        171.0,
        171.0,
        171.0
    ],
    "planes": [
        [
            0.6100000143051147,
            0.6130462884902954,
            0.6161231994628906,
            0.619231104850769,
            0.6223705410957336,
            0.6255419850349426,
            0.6287459135055542,
            0.6319828033447266,
            0.6352531909942627,
            0.6385576128959656,
            0.6418966054916382,
            0.6452707052230835,
            0.6486804485321045,
            0.6521264314651489,
            0.6556092500686646,
            0.6591293811798096,
            0.6626875996589661,
            0.666284441947937,
            0.6699204444885254,
            0.6735964417457581,
            0.677312970161438,
            0.6810707449913025,
            0.6848704814910889,
            0.6887128353118896,
            0.6925984621047974,
            0.6965283155441284,
            0.7005029916763306,
            0.7045231461524963,
            0.7085899114608765,
            0.7127038240432739,
            0.7168657779693604,
            0.7210765480995178,
            0.7253371477127075,
            0.7296484112739563,
            0.734011173248291,
            0.7384265661239624,
            0.7428951859474182,
            0.7474183440208435,
            0.7519969940185547,
            0.7566319704055786,
            0.7613244652748108,
            0.7660755515098572,
            0.770886242389679,
            0.7757578492164612,
            0.7806912660598755,
            0.7856879234313965,
            0.7907490134239197,
            0.795875608921051,
            0.8010690808296204,
            0.8063308596611023,
            0.8116622567176819,
            0.8170645833015442,
            0.8225393891334534,
            0.8280879855155945,
            0.8337119817733765,
            0.8394128680229187,
            0.8451921343803406,
            0.8510516881942749,
            0.8569930195808411,
            0.8630177974700928,
            0.8691279888153076,
            0.8753252625465393,
            0.8816116452217102,
            0.8879889249801636,
            0.894459068775177,
            0.9010242819786072,
            0.9076865315437317,
            0.9144480228424072,
            0.9213110208511353,
            0.9282779097557068,
            0.9353508353233337,
            0.942532479763031,
            0.9498251676559448,
            0.9572315812110901,
            0.9647544026374817,
            0.9723964333534241,
            0.9801605343818665,
            0.9880496263504028,
            0.9960667490959167,
            1.0042150020599365,
            1.0124976634979248,
            1.0209181308746338,
            1.029479742050171,
            1.0381861925125122,
            1.0470411777496338,
            1.0560486316680908,
            1.065212368965149,
            1.0745363235473633,
            1.0840251445770264,
            1.0936830043792725,
            1.1035144329071045,
            1.113524317741394,
            1.1237174272537231,
            1.1340988874435425,
            1.1446739435195923,
            1.1554479598999023,
            1.1664270162582397,
            1.1776164770126343,
            1.1890227794647217,
            1.2006522417068481,
            1.2125111818313599,
            1.224606990814209,
            1.2369464635849,
            1.2495372295379639,
            1.262386679649353,
            1.275503396987915,
            1.2888954877853394,
            1.3025717735290527,
            1.3165414333343506,
            1.330814003944397,
            1.3453994989395142,
            1.3603081703186035,
            1.3755508661270142,
            1.3911391496658325,
            1.407084584236145,
            1.4233999252319336,
            1.4400982856750488,
            1.4571926593780518,
            1.4746980667114258,
            1.4926291704177856,
            1.511001467704773,
            1.529831886291504,
            1.5491373538970947,
            1.5689364671707153,
            1.5892481803894043,
            1.6100927591323853,
            1.6314913034439087,
            1.6534664630889893,
            1.6760414838790894,
            1.6992416381835938,
            1.723092794418335,
            1.747623324394226,
            1.772862434387207,
            1.7988409996032715,
            1.825592279434204,
            1.853151559829712,
            1.8815553188323975,
            1.9108434915542603,
            1.941057801246643,
            1.9722429513931274,
            2.004446506500244,
            2.037719488143921,
            2.072115182876587,
            2.1076924800872803,
            2.14451265335083,
            2.1826419830322266,
            2.222151756286621,
            2.2631185054779053,
            2.30562424659729,
            2.3497567176818848,
            2.3956120014190674,
            2.4432926177978516,
            2.4929096698760986,
            2.544583797454834,
            2.598445415496826,
            2.6546366214752197,
            2.7133116722106934,
            2.77463960647583,
            2.83880352973938,
            2.9060051441192627,
            2.976465940475464,
            3.050428628921509,
            3.1281604766845703,
            3.2099573612213135,
            3.296147346496582,
            3.3870930671691895,
            3.4831998348236084,
            3.5849201679229736,
            3.6927602291107178,
            3.8072898387908936,
            3.9291505813598633,
